---
keyframes:
  - name: Sitting
    frames: 100
    joints:
      HeadYaw: 3.68905347261559
      HeadPitch: -21.8826420251569
      LHipYawPitch: -5.00743024658979
      LHipRoll: 0.349159270371052
      LHipPitch: -46.5802099129511
      LKneePitch: 122.430772042263
      LAnklePitch: -69.1732052721677
      LAnkleRoll: 0.173377521891604
      RHipYawPitch: -5.00743024658979
      RHipRoll: 0.00240422658784449
      RHipPitch: -46.7608001146063
      RKneePitch: 123.753957269413
      RAnklePitch: -70.135196435629
      RAnkleRoll: -0.0854866476518796
      LShoulderPitch: -90.4381864604912
      LShoulderRoll: 2.01909954130415
      LElbowYaw: -0.529749472026189
      LElbowRoll: -1.4917542958658
      RShoulderPitch: -91.0582242031558
      RShoulderRoll: 1.05710837784287
      RElbowYaw: -0.437050144610776
      RElbowRoll: -0.441858597786465
...
